prueba123
73455700248323
73455675223537
72305498080923
72210551304060
77992403870497
77748739394957
77748739507968
77826288560944
77826288557985
78458236880834
75961194944649
78260072899532
77748739570496
77748739548977
74042064572130
74042082522362
78052257257787
78052262644983
77748739586086
78052312182485
77748739374681
78052318062846
78052288259076
78052321717479
78052324744379
78052338756009
78052341695093
78052298989754
78052344592773
77826288590122
77748739396018
78051339667674
77826288589729
77748739581589
77748739365758
78052346824913
77490946393900
77826288558023
77748739547795
77748739587461
77068325866267
77068337528316
78190215757237
78190264907190
77748739607267
71590852646630
77826288614893
77826288623352
77826288693605
77826288620826
77826288695909
77826288646666
77826288646666
77826288648031
77826288720780
77826288719290
77826288731760
77826288670691
77826288752522
77826288754801
77826288755141
77826288781170
77826288780170
77826288671598
77826288781936
77826288801378
T-162-REMATE
69937852455709
72816765779315
72816772807221
G10-REMATE
76384388187608
71517709753110
M1L-REMATE
ST28-REMATE
76367823979178
76367849452563
76367858229090
72478785948775
76367882888423
71353165377177
74128529769142
71355750036003
77748739620633
71287040893385
74180853139769
GT-111-REMATE
78198063747111
73869546592351
77748739660886
77748739678619
77748739700889
78362612451959
72920272421717
73455204995008
71590673594006
70198363909574
73455451783393
BOCMORROSMOR-410
BOCMORROSMOR-410
76790651303113
76790672219616
BOCMORDEF+A535W
75511167056517
76384124961658
77826289064953
76289655683068
76720538262108
76608903383974
77748739659971
74605366074100
72600124942112
76825939100780
77748739876795
77826288896681
77826288900018
75208469144134
77826288972034
77748739872086
77621112446758
77826288921846
77748739764255
CABMORMULCB-06
77826288972832
77826288918867
77826288993277
77748739964779
73758611125914
76445300154915
76365890821103
77748740025811
72289640137077
70839968447784
77048518808252
78052454119827
78052431905227
77748739287658
76100526294427
78052383723983
77748740067382
77748740072037
77748740158269
78095420865677
69584814085357
77637838005214
78164189747537
68251853475330
68251866434479
68251835794473
68251858644790
68251845080408
8016
8019
11846
73834580422155
73842546812981
73834594178197
73834585509161
73834588917648
mr1275-50pz
75839614324277
77826288804068
77826288874697
77826288875847
77826288829024
77826288829322
77826288824922
77809668793463
77213457714398
MOUMORROJMW-05
76971232850327
77975534432717
78128377958720
71693210074109
75753910074790
70432176596150
71693215784764
71685768794767
74404680608340
71053419295018
69947788805591
70207217222459
72022063267521
76367986977917
76367460048367
76367794837790
77654251708726
74404659402334
76557497607312
75719165343078
76557475132303
78190481980255
78190462695838
78310490407915
75511737563112
75511709413251
75511691964734
75511717928166
75511761602307
BOLMORVER-BOL
71517741641494
71517735104453
71625369001062
PAQ2K063
PAQ2K064
PAQ4K064
71286994448025
76609294596045
70111148517753
76438121874659
71286895976290
78164212102703
71287103499399
68623732261908
74372792857060
78137512962260
72204289688108
77748739287763
77748739310527
77748739378743
77085272488790
71683478789795
70601573035684
77826289069640
75157197896835
74854535188786
71625376520178
71528146810560